

###  2018-09-23 15:11:07.688931  ###


###  2018-09-23 15:11:18.381211  ###
VaryingAtt: 20 1.000000 0.960499 55.890000
VaryingAtt: 40 0.960661 0.927725 177.600000
VaryingAtt: 80 0.918336 0.898832 474.660000
VaryingAtt: 100 0.879157 0.872575 652.870000
