

###  2018-09-22 11:53:54.238717  ###
VaryingAtt: 20 1.000000 0.958137 82.980000
VaryingAtt: 40 0.944672 0.919584 356.410000
VaryingAtt: 80 0.879018 0.891990 774.620000
VaryingAtt: 100 0.831922 0.870117 1180.370000
