

###  2018-09-21 11:53:06.740890  ###
VaryingAtt: 20.000000 0.001212 0.459153 513.020000
VaryingAtt: 40.000000 0.000000 0.222369 1791.730000
VaryingAtt: 80.000000 0.001250 0.074667 1575.770000
VaryingAtt: 100.000000 0.000000 0.167563 1752.920000
