

###  2018-09-24 21:00:22.992450  ###


###  2018-09-24 21:04:13.272493  ###
VaryingAtt: 20 0.96 0.92 9.23
VaryingAtt: 40 0.98 0.94 18.45
VaryingAtt: 80 0.98 0.91 38.44
VaryingAtt: 100 0.99 0.94 50.06
